[gd_scene load_steps=5 format=2]

[ext_resource path="res://assets/cloud.png" type="Texture" id=1]

[sub_resource type="Gradient" id=1]
offsets = PoolRealArray( 0.565657, 0.909091 )
colors = PoolColorArray( 0, 0.929688, 1, 1, 0, 0.601562, 1, 1 )

[sub_resource type="GradientTexture" id=2]
gradient = SubResource( 1 )

[sub_resource type="SpatialMaterial" id=3]
flags_unshaded = true
albedo_texture = SubResource( 2 )

[node name="Spatial" type="Spatial"]

[node name="Player" type="Camera" parent="."]
transform = Transform( 1, 0, 0, 0, 0.989288, 0.145979, 0, -0.145979, 0.989288, 0, 1.3471, 2.4495 )
current = true

[node name="Sky" type="CSGCylinder" parent="."]
transform = Transform( -4.37114e-07, 10, 0, -10, -4.37114e-07, 0, 0, 0, 10, 0, 0, 0 )
invert_faces = true
radius = 4.04902
height = 12.315
sides = 16
material = SubResource( 3 )

[node name="Spatial" type="Spatial" parent="."]

[node name="Cloud" type="Sprite3D" parent="Spatial"]
transform = Transform( 0.866025, 0, -0.5, 0, 1, 0, 0.5, 0, 0.866025, 12.2075, 5.66292, -11.7768 )
texture = ExtResource( 1 )

[node name="Cloud2" type="Sprite3D" parent="Spatial"]
transform = Transform( 0.978148, 0.207912, 0, -0.207912, 0.978148, 0, 0, 0, 1, 6, 2, -15 )
texture = ExtResource( 1 )

[node name="Cloud3" type="Sprite3D" parent="Spatial"]
transform = Transform( 0.866025, -0.5, 0, 0.5, 0.866025, 0, 0, 0, 1, -13, 0, -20 )
texture = ExtResource( 1 )

[node name="Cloud4" type="Sprite3D" parent="Spatial"]
transform = Transform( 1, 0, 0, 0, 1, 0, 0, 0, 1, -10, 4, -9 )
texture = ExtResource( 1 )
